repeat wait()
NAMEHUB  = "Rezy Hub - Premium | " ..os.date("%d ")..os.date("%A ")..os.date("%B ")..os.date("%Y")
do
	local ui = game.CoreGui:FindFirstChild(NAMEHUB)
	if ui then
		ui:Destroy()
		game.Players.LocalPlayer:Kick("อย่ารันซ้ำ")
	end
end
join = game.Players.localPlayer.Neutral == false
if _G.Team == nil then
    _G.Team = "Pirates"
end
if (_G.Team == "Pirates" or _G.Team == "Marines") and not join then
    repeat wait()
        pcall(function()
            join = game.Players.localPlayer.Neutral == false
            if _G.Team == "Pirates" then
                for i,v in pairs(getconnections(game:GetService("Players").LocalPlayer.PlayerGui.Main.ChooseTeam.Container.Pirates.Frame.ViewportFrame.TextButton.MouseButton1Click)) do
                    v.Function()
                end
            elseif _G.Team == "Marines" then
                for i,v in pairs(getconnections(game:GetService("Players").LocalPlayer.PlayerGui.Main.ChooseTeam.Container.Marines.Frame.ViewportFrame.TextButton.MouseButton1Click)) do
                    v.Function()
                end
            else
                for i,v in pairs(getconnections(game:GetService("Players").LocalPlayer.PlayerGui.Main.ChooseTeam.Container.Pirates.Frame.ViewportFrame.TextButton.MouseButton1Click)) do
                    v.Function()
                end
            end
        end)
    until join == true
    game:GetService("Players").LocalPlayer.PlayerGui.Main.ChooseTeam.Visible = false
end
wait(1)
local Config = {
    WindowName = NAMEHUB,
    Color = Color3.fromRGB(0,183,255),
    Keybind = Enum.KeyCode.RightControl
}

local Library = loadstring(game:HttpGet("https://raw.githubusercontent.com/MCHUB-Trash/MCHUB-Trash/main/UI_Library.Lua"))()
local Window = Library:CreateWindow(Config, game:GetService("CoreGui"))

local Tab1 = Window:CreateTab("Auto")
local Section1 = Tab1:CreateSection("Main")
Magnet = true
local placeId = game.PlaceId
if placeId == 2753915549 then
    OldWorld = true
elseif placeId == 4442272183 then
    NewWorld = true
elseif placeId == 7449423635 then
    ThreeWorld = true
else
    game.Players.LocalPlayer:Kick("รันผิดเกม อย่า เล่น เก")
end
spawn(function()
    game_pid = game.PlaceId
    asiufdl = 0
    repeat wait(1)
        print("Is GAME LOADED CHEKER : "..tostring(asiufdl))
        asiufdl += 1
    until asiufdl > 240 or game:IsLoaded()
    repeat wait()
        if not game:IsLoaded() then
            if game_pid == nil then
                game_pid = game.PlaceId
            end
            pcall(function()
                print("re - joining 1")
                game:GetService('TeleportService'):TeleportToPlaceInstance(game_pid, game.JobId, game.Players.LocalPlayer)
                print("rejoined 1")
            end)
            pcall(function()
                print("re - joining 2")
                game:GetService('TeleportService'):Teleport(game_pid)
                print("rejoined 2")
            end)
            wait(2)
        end
    until game:IsLoaded()
end)
joingame_timr = 0
repeat 
	wait(0.1)
    joingame_timr += 0.1
until game:IsLoaded()
spawn(function()
    while wait(1) do
        pcall(function()
            game_pid = game.PlaceId
            repeat wait() until game.CoreGui:FindFirstChild('RobloxPromptGui')
            local lp,po,ts = game:GetService('Players').LocalPlayer,game.CoreGui.RobloxPromptGui.promptOverlay,game:GetService('TeleportService')
            po.ChildAdded:connect(function(a)
                if a.Name == 'ErrorPrompt' then
                    gujaef = 0
                    repeat wait(1)
                        print("waiting to rejoin if  found ErrorPrompt "..tostring(gujaef))
                        gujaef += 1
                    until gujaef > 40
                    if a.Name == 'ErrorPrompt' then
                        while wait() do
                            --ts:Teleport(game.PlaceId)
                            if game_pid == nil then
                                game_pid = game.PlaceId
                            end
                            pcall(function()
                                print("re - joining 1")
                                game:GetService('TeleportService'):TeleportToPlaceInstance(game.PlaceId, game.JobId, game.Players.LocalPlayer)
                                print("rejoined 1")
                            end)
                            pcall(function()
                                print("re - joining 2")
                                game:GetService('TeleportService'):Teleport(game.PlaceId)
                                print("rejoined 2")
                            end)
                            wait(2)
                        end
                    end
                end
            end)
        end)
    end
end)
function Click()
    game:GetService'VirtualUser':CaptureController()
    game:GetService'VirtualUser':Button1Down(Vector2.new(1280, 672))
end
local a = Instance.new('Part',workspace)
--
local a = Instance.new("Part")
a.Name = "BIGDICK"
a.Parent = game.Workspace
a.Anchored = true 
a.Transparency = 1
a.Size = Vector3.new(40,0.5,40)
---
game:GetService("RunService").Heartbeat:Connect(function()
   pcall(function()
   if not game:GetService("Workspace"):FindFirstChild("BIGDICK") then
    local a = Instance.new("Part")
    a.Name = "ez"
    a.Parent = game.Workspace
    a.Anchored = true 
    a.Transparency = 1
    a.Size = Vector3.new(40,0.5,40)
   end
   --[[if x then
    changestate()
   end]]
   end)
end)
function changestate()
   game.Workspace["BIGDICK"].CFrame = CFrame.new(game.Players.LocalPlayer.Character.HumanoidRootPart.CFrame.X,-4,game.Players.LocalPlayer.Character.HumanoidRootPart.CFrame.Z)
end
function CheckQuest()
	local MyLevel = game.Players.LocalPlayer.Data.Level.Value
	if OldWorld then
		if MyLevel == 1 or MyLevel <= 9 then -- Bandit
			Ms = "Bandit [Lv. 5]"
			NaemQuest = "BanditQuest1"
			LevelQuest = 1
			NameMon = "Bandit"
			ISLANDPOS = CFrame.new(1211.88525, 36.7203407, 1500.03467, 0.615429699, -0.788191795, -6.02006912e-06, 6.02006912e-06, 1.23977661e-05, -1, 0.788191795, 0.615429759, 1.23977661e-05)
			CFrameQuest = CFrame.new(1061.66699, 16.5166187, 1544.52905, -0.942978859, -3.33851502e-09, 0.332852632, 7.04340497e-09, 1, 2.99841325e-08, -0.332852632, 3.06188177e-08, -0.942978859)
			CFrameMon = CFrame.new(1158.19287, 16.7761078, 1598.75024, 0.728623271, -2.60434244e-05, -0.684914768, 5.54633402e-07, 1, -3.74343144e-05, 0.684914768, 2.68956283e-05, 0.728623271)
			if _G.AutoFarm and (CFrameMon.Position - game.Players.LocalPlayer.Character.HumanoidRootPart.Position).Magnitude > 600 then
				game.Players.LocalPlayer.Character.HumanoidRootPart.CFrame = ISLANDPOS
			end
		elseif MyLevel == 10 or MyLevel <= 14 then -- Monkey
			Ms = "Monkey [Lv. 14]"
			NaemQuest = "JungleQuest"
			LevelQuest = 1
			NameMon = "Monkey"
			ISLANDPOS = CFrame.new(-1180.99561, 21.0006905, 187.688171, -0.866141438, -2.23321149e-05, -0.499799222, 2.23321149e-05, 1, -8.33832528e-05, 0.499799222, -8.33832528e-05, -0.866141438)
			CFrameQuest = CFrame.new(-1604.12012, 36.8521118, 154.23732, 0.0648873374, -4.70858913e-06, -0.997892559, 1.41431883e-07, 1, -4.70933674e-06, 0.997892559, 1.64442184e-07, 0.0648873374)
			CFrameMon = CFrame.new(-1612.77039, 37.1953545, 150.217361, -0.325320244, 5.01602138e-09, -0.945603907, -1.28536748e-09, 1, 5.74677994e-09, 0.945603907, 3.08499248e-09, -0.325320244)
			if _G.AutoFarm and (CFrameMon.Position - game.Players.LocalPlayer.Character.HumanoidRootPart.Position).Magnitude > 600 then
				game.Players.LocalPlayer.Character.HumanoidRootPart.CFrame = ISLANDPOS
			end
		elseif MyLevel == 15 or MyLevel <= 29 then -- Gorilla
			Ms = "Gorilla [Lv. 20]"
			NaemQuest = "JungleQuest"
			LevelQuest = 2
			NameMon = "Gorilla"
			ISLANDPOS = CFrame.new(-1180.99561, 21.0006905, 187.688171, -0.866141438, -2.23321149e-05, -0.499799222, 2.23321149e-05, 1, -8.33832528e-05, 0.499799222, -8.33832528e-05, -0.866141438)
			CFrameQuest = CFrame.new(-1604.12012, 36.8521118, 154.23732, 0.0648873374, -4.70858913e-06, -0.997892559, 1.41431883e-07, 1, -4.70933674e-06, 0.997892559, 1.64442184e-07, 0.0648873374)
			CFrameMon = CFrame.new(-1223.52808, 6.27936459, -502.292664, 0.310949147, -5.66602516e-08, 0.950426519, -3.37275488e-08, 1, 7.06501808e-08, -0.950426519, -5.40241736e-08, 0.310949147)
			if _G.AutoFarm and (CFrameMon.Position - game.Players.LocalPlayer.Character.HumanoidRootPart.Position).Magnitude > 1000 then
				game.Players.LocalPlayer.Character.HumanoidRootPart.CFrame = ISLANDPOS
			end
		elseif MyLevel == 30 or MyLevel <= 39 then -- Pirate
			Ms = "Pirate [Lv. 35]"
			NaemQuest = "BuggyQuest1"
			LevelQuest = 1
			NameMon = "Pirate"
			ISLANDPOS = CFrame.new(-825.657349, 3.63657403, 4123.30811, -0.138172507, 0.0225743353, -0.990150809, 0.0865087882, 0.996194243, 0.0106400847, 0.98662281, -0.0841865838, -0.139599562)
			CFrameQuest = CFrame.new(-1139.59717, 4.75205183, 3825.16211, -0.959730506, -7.5857054e-09, 0.280922383, -4.06310328e-08, 1, -1.11807175e-07, -0.280922383, -1.18718916e-07, -0.959730506)
			CFrameMon = CFrame.new(-1169.5365, 5.09531212, 3933.84082, -0.971822679, -3.73200315e-09, 0.235713184, -4.16762763e-10, 1, 1.41145424e-08, -0.235713184, 1.3618596e-08, -0.971822679)
			if _G.AutoFarm and (CFrameMon.Position - game.Players.LocalPlayer.Character.HumanoidRootPart.Position).Magnitude > 600 then
				game.Players.LocalPlayer.Character.HumanoidRootPart.CFrame = ISLANDPOS
			end
		elseif MyLevel == 40 or MyLevel <= 59 then -- Brute
			Ms = "Brute [Lv. 45]"
			NaemQuest = "BuggyQuest1"
			LevelQuest = 2
			NameMon = "Brute"
			ISLANDPOS = CFrame.new(-825.657349, 3.63657403, 4123.30811, -0.138172507, 0.0225743353, -0.990150809, 0.0865087882, 0.996194243, 0.0106400847, 0.98662281, -0.0841865838, -0.139599562)
			CFrameQuest = CFrame.new(-1139.59717, 4.75205183, 3825.16211, -0.959730506, -7.5857054e-09, 0.280922383, -4.06310328e-08, 1, -1.11807175e-07, -0.280922383, -1.18718916e-07, -0.959730506)
			CFrameMon = CFrame.new(-1165.09985, 15.1531372, 4363.51514, -0.962800264, 1.17564889e-06, 0.270213336, 2.60172015e-07, 1, -3.4237969e-06, -0.270213336, -3.22613073e-06, -0.962800264)
			if _G.AutoFarm and (CFrameMon.Position - game.Players.LocalPlayer.Character.HumanoidRootPart.Position).Magnitude > 1000 then
				game.Players.LocalPlayer.Character.HumanoidRootPart.CFrame = ISLANDPOS
			end
		elseif MyLevel == 60 or MyLevel <= 74 then -- Desert Bandit
			Ms = "Desert Bandit [Lv. 60]"
			NaemQuest = "DesertQuest"
			LevelQuest = 1
			NameMon = "Desert Bandit"
			ISLANDPOS = CFrame.new(921.289673, 6.45703602, 4334.47803, -0.207233012, 8.06497269e-08, 0.978291631, 3.10611412e-08, 1, -7.58596244e-08, -0.978291631, 1.46662362e-08, -0.207233012)
			CFrameQuest = CFrame.new(897.031128, 6.43846416, 4388.97168, -0.804044724, 3.68233266e-08, 0.594568789, 6.97835176e-08, 1, 3.24365246e-08, -0.594568789, 6.75715199e-08, -0.804044724)
			CFrameMon = CFrame.new(932.788818, 6.8503746, 4488.24609, -0.998625934, 3.08948351e-08, 0.0524050146, 2.79967303e-08, 1, -5.60361286e-08, -0.0524050146, -5.44919629e-08, -0.998625934)
			if _G.AutoFarm and (CFrameMon.Position - game.Players.LocalPlayer.Character.HumanoidRootPart.Position).Magnitude > 1000 then
				game.Players.LocalPlayer.Character.HumanoidRootPart.CFrame = ISLANDPOS
			end
		elseif MyLevel == 75 or MyLevel <= 89 then -- Desert Officre
			Ms = "Desert Officer [Lv. 70]"
			NaemQuest = "DesertQuest"
			LevelQuest = 2
			NameMon = "Desert Officer"
			ISLANDPOS = CFrame.new(1658.85876, 4.64293623, 4318.07129, -0.0864315033, -0.000185585552, 0.996257842, -6.89026783e-05, 1, 0.000180304938, -0.996257842, -5.30608231e-05, -0.0864315033)
			CFrameQuest = CFrame.new(897.031128, 6.43846416, 4388.97168, -0.804044724, 3.68233266e-08, 0.594568789, 6.97835176e-08, 1, 3.24365246e-08, -0.594568789, 6.75715199e-08, -0.804044724)
			CFrameMon = CFrame.new(1617.07886, 1.5542295, 4295.54932, -0.997540116, -2.26287735e-08, -0.070099175, -1.69377223e-08, 1, -8.17798806e-08, 0.070099175, -8.03913949e-08, -0.997540116)
			if _G.AutoFarm and (CFrameMon.Position - game.Players.LocalPlayer.Character.HumanoidRootPart.Position).Magnitude > 1000 then
				game.Players.LocalPlayer.Character.HumanoidRootPart.CFrame = ISLANDPOS
			end
		elseif MyLevel == 90 or MyLevel <= 99 then -- Snow Bandits
			Ms = "Snow Bandit [Lv. 90]"
			NaemQuest = "SnowQuest"
			LevelQuest = 1
			NameMon = "Snow Bandits"
			ISLANDPOS = CFrame.new(1336.02625, 34.1970673, -1331.23267, 0.671367824, 0.741124272, -1.77025795e-05, 1.77025795e-05, -3.9935112e-05, -1, -0.741124272, 0.671367764, -3.9935112e-05)
			CFrameQuest = CFrame.new(1384.14001, 87.272789, -1297.06482, 0.348555952, -2.53947841e-09, -0.937287986, 1.49860568e-08, 1, 2.86358204e-09, 0.937287986, -1.50443711e-08, 0.348555952)
			CFrameMon = CFrame.new(1328.92578, 87.6160507, -1374.14551, -0.548407137, 5.60746427e-09, 0.836211503, 2.07008033e-09, 1, -5.34818945e-09, -0.836211503, -1.2019602e-09, -0.548407137)
			if _G.AutoFarm and (CFrameMon.Position - game.Players.LocalPlayer.Character.HumanoidRootPart.Position).Magnitude > 1000 then
				game.Players.LocalPlayer.Character.HumanoidRootPart.CFrame = ISLANDPOS
			end
		elseif MyLevel == 100 or MyLevel <= 119 then -- Snowman
			Ms = "Snowman [Lv. 100]"
			NaemQuest = "SnowQuest"
			LevelQuest = 2
			NameMon = "Snowman"
			ISLANDPOS = CFrame.new(1336.02625, 34.1970673, -1331.23267, 0.671367824, 0.741124272, -1.77025795e-05, 1.77025795e-05, -3.9935112e-05, -1, -0.741124272, 0.671367764, -3.9935112e-05)
			CFrameQuest = CFrame.new(1384.14001, 87.272789, -1297.06482, 0.348555952, -2.53947841e-09, -0.937287986, 1.49860568e-08, 1, 2.86358204e-09, 0.937287986, -1.50443711e-08, 0.348555952)
			CFrameMon = CFrame.new(1046.19983, 106.109909, -1486.0741, 0.455472827, -1.03902529e-07, -0.89024967, 1.33861127e-08, 1, -1.09863016e-07, 0.89024967, 3.81226357e-08, 0.455472827)
			if _G.AutoFarm and (CFrameMon.Position - game.Players.LocalPlayer.Character.HumanoidRootPart.Position).Magnitude > 1000 then
				game.Players.LocalPlayer.Character.HumanoidRootPart.CFrame = ISLANDPOS
			end
		elseif MyLevel == 120 or MyLevel <= 149 then -- Chief Petty Officer
			Ms = "Chief Petty Officer [Lv. 120]"
			NaemQuest = "MarineQuest2"
			LevelQuest = 1
			NameMon = "Chief Petty Officer"
			ISLANDPOS = CFrame.new(-5138.81104, 23.1043854, 4103.9624, -0.499959469, 0, 0.866048813, 0, 1, 0, -0.866048813, 0, -0.499959469)
			CFrameQuest = CFrame.new(-5035.0835, 28.6520386, 4325.29443, 0.0243340395, -7.08064647e-08, 0.999703884, -6.36926814e-08, 1, 7.23777944e-08, -0.999703884, -6.54350671e-08, 0.0243340395)
			CFrameMon = CFrame.new(-4850.8623, 21.0520386, 4390.53516, 0.273695946, -5.40380647e-08, -0.96181643, 4.37720793e-08, 1, -4.37274998e-08, 0.96181643, -3.01326679e-08, 0.273695946)
			if _G.AutoFarm and (CFrameMon.Position - game.Players.LocalPlayer.Character.HumanoidRootPart.Position).Magnitude > 1000 then
				game.Players.LocalPlayer.Character.HumanoidRootPart.CFrame = ISLANDPOS
			end
		elseif MyLevel == 150 or MyLevel <= 174 then -- Sky Bandit
			Ms = "Sky Bandit [Lv. 150]"
			NaemQuest = "SkyQuest"
			LevelQuest = 1
			NameMon = "Sky Bandit"
			ISLANDPOS = CFrame.new(-4899.46777, 723.834229, -2575.20142, 0.933587551, 0, 0.358349502, 0, -1.00000048, 0, 0.358349502, 0, -0.933587909)
			CFrameQuest = CFrame.new(-4841.83447, 717.669617, -2623.96436, -0.875942111, 5.59710216e-08, -0.482416272, 3.04023082e-08, 1, 6.08195947e-08, 0.482416272, 3.86078725e-08, -0.875942111)
			CFrameMon = CFrame.new(-4996.53906, 278.410187, -2828.92822, -0.984909654, 0, 0.173069984, 0, 1, 0, -0.173069984, 0, -0.984909654)
			if _G.AutoFarm and (CFrameMon.Position - game.Players.LocalPlayer.Character.HumanoidRootPart.Position).Magnitude > 1000 then
				game.Players.LocalPlayer.Character.HumanoidRootPart.CFrame = ISLANDPOS
			end
		elseif MyLevel == 175 or MyLevel <= 249 then 
			Ms = "Dark Master [Lv. 175]"
			NaemQuest = "SkyQuest"
			LevelQuest = 2
			NameMon = "Dark Master"
			ISLANDPOS = CFrame.new(-4899.46777, 723.834229, -2575.20142, 0.933587551, 0, 0.358349502, 0, -1.00000048, 0, 0.358349502, 0, -0.933587909)
			CFrameQuest = CFrame.new(-4841.83447, 717.669617, -2623.96436)
			CFrameMon = CFrame.new(-5220.58594, 430.693298, -2278.17456)
			if _G.AutoFarm and (CFrameMon.Position - game.Players.LocalPlayer.Character.HumanoidRootPart.Position).Magnitude > 1000 then
				game.Players.LocalPlayer.Character.HumanoidRootPart.CFrame = ISLANDPOS
			end
		elseif MyLevel == 250 or MyLevel <= 274 then 
			Ms = "Toga Warrior [Lv. 250]"
			NaemQuest = "ColosseumQuest"
			LevelQuest = 1
			NameMon = "Toga Warrior"
			ISLANDPOS = CFrame.new(-1690.47278, 10.2532501, -3086.04272, 0.74314785, -0, -0.669127226, 0, 1, -0, 0.669127226, 0, 0.74314785)
			CFrameQuest = CFrame.new(-1576.11743, 7.38933945, -2983.30762)
			CFrameMon = CFrame.new(-1779.97583, 44.6077499, -2736.35474)
			if _G.AutoFarm and (CFrameMon.Position - game.Players.LocalPlayer.Character.HumanoidRootPart.Position).Magnitude > 1000 then
				game.Players.LocalPlayer.Character.HumanoidRootPart.CFrame = ISLANDPOS
			end
		elseif MyLevel == 275 or MyLevel <= 299 then -- Gladiato
			Ms = "Gladiator [Lv. 275]"
			NaemQuest = "ColosseumQuest"
			LevelQuest = 2
			NameMon = "Gladiato"
			ISLANDPOS = CFrame.new(-1690.47278, 10.2532501, -3086.04272, 0.74314785, -0, -0.669127226, 0, 1, -0, 0.669127226, 0, 0.74314785)
			CFrameQuest = CFrame.new(-1576.11743, 7.38933945, -2983.30762, 0.576966345, 1.22114863e-09, 0.816767931, -3.58496594e-10, 1, -1.24185606e-09, -0.816767931, 4.2370063e-10, 0.576966345)
			CFrameMon = CFrame.new(-1279.38416, 7.78580666, -3268.23047, -0.385674238, -3.25503358e-08, -0.922634542, 5.95089811e-10, 1, -3.55285259e-08, 0.922634542, -1.42514862e-08, -0.385674238)
			if _G.AutoFarm and (CFrameMon.Position - game.Players.LocalPlayer.Character.HumanoidRootPart.Position).Magnitude > 1000 then
				game.Players.LocalPlayer.Character.HumanoidRootPart.CFrame = ISLANDPOS
			end
		elseif MyLevel == 300 or MyLevel <= 324 then -- Military Soldier
			Ms = "Military Soldier [Lv. 300]"
			NaemQuest = "MagmaQuest"
			LevelQuest = 1
			NameMon = "Military Soldier"
			ISLANDPOS = CFrame.new(-5213.3374, 3.3397336, 8443.05957, 0.927179396, 0, 0.374617696, 0, 1, 0, -0.374617696, 0, 0.927179396)
			CFrameQuest = CFrame.new(-5316.55859, 12.2370615, 8517.2998, 0.588437557, -1.37880001e-08, -0.808542669, -2.10116209e-08, 1, -3.23446478e-08, 0.808542669, 3.60215964e-08, 0.588437557)
			CFrameMon = CFrame.new(-5483.29248, 9.33393669, 8413.07031, 0.909917235, -1.46153933e-09, -0.414789826, -6.77904288e-10, 1, -5.01067277e-09, 0.414789826, 4.84048535e-09, 0.909917235)
			if _G.AutoFarm and (CFrameMon.Position - game.Players.LocalPlayer.Character.HumanoidRootPart.Position).Magnitude > 1000 then
				game.Players.LocalPlayer.Character.HumanoidRootPart.CFrame = ISLANDPOS
			end
		elseif MyLevel == 325 or MyLevel <= 374 then -- Military Spy
			Ms = "Military Spy [Lv. 325]"
			NaemQuest = "MagmaQuest"
			LevelQuest = 2
			NameMon = "Military Spy"
			ISLANDPOS = CFrame.new(-5213.3374, 3.3397336, 8443.05957, 0.927179396, 0, 0.374617696, 0, 1, 0, -0.374617696, 0, 0.927179396)
			CFrameQuest = CFrame.new(-5316.55859, 12.2370615, 8517.2998, 0.588437557, -1.37880001e-08, -0.808542669, -2.10116209e-08, 1, -3.23446478e-08, 0.808542669, 3.60215964e-08, 0.588437557)
			CFrameMon = CFrame.new(-5883.50049, 77.5739212, 8823.88965, 0.983678341, -1.19359456e-08, 0.179935962, -8.52669757e-09, 1, 1.12948371e-07, -0.179935962, -1.12639128e-07, 0.983678341)
			if _G.AutoFarm and (CFrameMon.Position - game.Players.LocalPlayer.Character.HumanoidRootPart.Position).Magnitude > 1000 then
				game.Players.LocalPlayer.Character.HumanoidRootPart.CFrame = ISLANDPOS
			end
		elseif MyLevel == 375 or MyLevel <= 399 then -- Fishman Warrior
			Ms = "Fishman Warrior [Lv. 375]"
			NaemQuest = "FishmanQuest"
			LevelQuest = 1
			NameMon = "Fishman Warrior"
			CFrameQuest = CFrame.new(61122.5625, 18.4716396, 1568.16504, 0.893533468, 3.95251609e-09, 0.448996574, -2.34327455e-08, 1, 3.78297464e-08, -0.448996574, -4.43233645e-08, 0.893533468)
			CFrameMon = CFrame.new(60889.6328, 18.8148994, 1432.98425, 0.345049709, 0, -0.938584328, 0, 1, 0, 0.938584328, 0, 0.345049709)
			if _G.AutoFarm and (CFrameMon.Position - game.Players.LocalPlayer.Character.HumanoidRootPart.Position).Magnitude > 3000 then
				game:GetService("ReplicatedStorage").Remotes.CommF_:InvokeServer("requestEntrance",Vector3.new(61163.8515625, 11.6796875, 1819.7841796875))
			end
		elseif MyLevel == 400 or MyLevel <= 449 then -- Fishman Commando
			Ms = "Fishman Commando [Lv. 400]"
			NaemQuest = "FishmanQuest"
			LevelQuest = 2
			NameMon = "Fishman Commando"
			CFrameQuest = CFrame.new(61122.5625, 18.4716396, 1568.16504, 0.893533468, 3.95251609e-09, 0.448996574, -2.34327455e-08, 1, 3.78297464e-08, -0.448996574, -4.43233645e-08, 0.893533468)
			CFrameMon = CFrame.new(61885.5039, 18.4828243, 1504.17896, 0.577502489, 0, -0.816389024, -0, 1.00000012, -0, 0.816389024, 0, 0.577502489)
			if _G.AutoFarm and (CFrameMon.Position - game.Players.LocalPlayer.Character.HumanoidRootPart.Position).Magnitude > 3000 then
				game:GetService("ReplicatedStorage").Remotes.CommF_:InvokeServer("requestEntrance",Vector3.new(61163.8515625, 11.6796875, 1819.7841796875))
			end
		elseif MyLevel == 450 or MyLevel <= 474 then -- God's Guards
			Ms = "God's Guard [Lv. 450]"
			NaemQuest = "SkyExp1Quest"
			LevelQuest = 1
			NameMon = "God's Guards"
			CFrameQuest = CFrame.new(-4721.71436, 845.277161, -1954.20105, -0.999277651, -5.56969759e-09, 0.0380011722, -4.14751478e-09, 1, 3.75035256e-08, -0.0380011722, 3.73188307e-08, -0.999277651)
			CFrameMon = CFrame.new(-4720.3291, 845.620422, -1859.63074, 0.712942302, 0, -0.701222718, -0, 1, -0, 0.701222718, 0, 0.712942302)
			if _G.AutoFarm and (CFrameMon.Position - game.Players.LocalPlayer.Character.HumanoidRootPart.Position).Magnitude > 1000 then
				game:GetService("ReplicatedStorage").Remotes.CommF_:InvokeServer("requestEntrance",Vector3.new(-4607.82275, 872.54248, -1667.55688))
			end
		elseif MyLevel == 475 or MyLevel <= 524 then -- Shandas
			Ms = "Shanda [Lv. 475]"
			NaemQuest = "SkyExp1Quest"
			LevelQuest = 2
			NameMon = "Shandas"
			CFrameQuest = CFrame.new(-7863.63672, 5545.49316, -379.826324, 0.362120807, -1.98046344e-08, -0.93213129, 4.05822291e-08, 1, -5.48095125e-09, 0.93213129, -3.58431969e-08, 0.362120807)
			CFrameMon = CFrame.new(-7636.17285, 5545.83643, -551.851685, 0.995675743, 0, -0.0928966552, 0, 1, 0, 0.0928966552, 0, 0.995675743)
			if _G.AutoFarm and (CFrameMon.Position - game.Players.LocalPlayer.Character.HumanoidRootPart.Position).Magnitude > 1000 then
				game:GetService("ReplicatedStorage").Remotes.CommF_:InvokeServer("requestEntrance",Vector3.new(-7894.6176757813, 5547.1416015625, -380.29119873047))
			end
		elseif MyLevel == 525 or MyLevel <= 549 then -- Royal Squad
			Ms = "Royal Squad [Lv. 525]"
			NaemQuest = "SkyExp2Quest"
			LevelQuest = 1
			NameMon = "Royal Squad"
			CFrameQuest = CFrame.new(-7902.66895, 5635.96387, -1411.71802, 0.0504222959, 2.5710392e-08, 0.998727977, 1.12541557e-07, 1, -3.14249675e-08, -0.998727977, 1.13982921e-07, 0.0504222959)
			CFrameMon = CFrame.new(-7654.80615, 5607.22168, -1497.61304, 0.655299842, -1.01422131e-07, -0.75536871, 8.79199114e-09, 1, -1.26641098e-07, 0.75536871, 7.63466659e-08, 0.655299842)
			if _G.AutoFarm and (CFrameMon.Position - game.Players.LocalPlayer.Character.HumanoidRootPart.Position).Magnitude > 1000 then
				game:GetService("ReplicatedStorage").Remotes.CommF_:InvokeServer("requestEntrance",Vector3.new(-7894.6176757813, 5547.1416015625, -380.29119873047))
			end
		elseif MyLevel == 550 or MyLevel <= 624 then -- Royal Soldier
			Ms = "Royal Soldier [Lv. 550]"
			NaemQuest = "SkyExp2Quest"
			LevelQuest = 2
			NameMon = "Royal Soldier"
			CFrameQuest = CFrame.new(-7902.66895, 5635.96387, -1411.71802, 0.0504222959, 2.5710392e-08, 0.998727977, 1.12541557e-07, 1, -3.14249675e-08, -0.998727977, 1.13982921e-07, 0.0504222959)
			CFrameMon = CFrame.new(-7966.58252, 5637.42529, -1744.18347, 0.116254926, -8.58390649e-07, -0.99321878, 2.4797064e-08, 1, -8.61348838e-07, 0.99321878, 7.55070602e-08, 0.116254926)
			if _G.AutoFarm and (CFrameMon.Position - game.Players.LocalPlayer.Character.HumanoidRootPart.Position).Magnitude > 1000 then
				game:GetService("ReplicatedStorage").Remotes.CommF_:InvokeServer("requestEntrance",Vector3.new(-7894.6176757813, 5547.1416015625, -380.29119873047))
			end
		elseif MyLevel == 625 or MyLevel <= 649 then -- Galley Pirate
			Ms = "Galley Pirate [Lv. 625]"
			NaemQuest = "FountainQuest"
			LevelQuest = 1
			NameMon = "Galley Pirate"
			ISLANDPOS = CFrame.new(5454.30957, 136.634079, 4622.60059, 0.74314785, 0, -0.669127226, 0, -1, -0, -0.669127226, 0, -0.74314785)
			CFrameQuest = CFrame.new(5254.60156, 38.5011406, 4049.69678, -0.0504891425, -3.62066501e-08, -0.998724639, -9.87921389e-09, 1, -3.57534553e-08, 0.998724639, 8.06145284e-09, -0.0504891425)
			CFrameMon = CFrame.new(5684.73096, 38.8443985, 3927.60498, 0.999752343, -6.81844494e-06, -0.0222478025, 5.87542536e-06, 1, -4.24524987e-05, 0.0222478025, 4.2311276e-05, 0.999752343)
			if _G.AutoFarm and (CFrameMon.Position - game.Players.LocalPlayer.Character.HumanoidRootPart.Position).Magnitude > 1000 then
				game.Players.LocalPlayer.Character.HumanoidRootPart.CFrame = ISLANDPOS
			end
		elseif MyLevel >= 650 then -- Galley Captain
			Ms = "Galley Captain [Lv. 650]"
			NaemQuest = "FountainQuest"
			LevelQuest = 2
			NameMon = "Galley Captain"
			ISLANDPOS = CFrame.new(5454.30957, 136.634079, 4622.60059, 0.74314785, 0, -0.669127226, 0, -1, -0, -0.669127226, 0, -0.74314785)
			CFrameQuest = CFrame.new(5254.60156, 38.5011406, 4049.69678, -0.0504891425, -3.62066501e-08, -0.998724639, -9.87921389e-09, 1, -3.57534553e-08, 0.998724639, 8.06145284e-09, -0.0504891425)
			CFrameMon = CFrame.new(5658.5752, 38.5361786, 4928.93506, -0.996873081, 2.12391046e-06, -0.0790185928, 2.16989656e-06, 1, -4.96097414e-07, 0.0790185928, -6.66008248e-07, -0.996873081)
			if _G.AutoFarm and (CFrameMon.Position - game.Players.LocalPlayer.Character.HumanoidRootPart.Position).Magnitude > 1000 then
				game.Players.LocalPlayer.Character.HumanoidRootPart.CFrame = ISLANDPOS
			end
		end
	end
	
	if NewWorld then
		if MyLevel == 700 or MyLevel <= 724 then -- Raider [Lv. 700]
			Ms = "Raider [Lv. 700]"
			NaemQuest = "Area1Quest"
			LevelQuest = 1
			NameMon = "Raider"
			ISLANDPOS = CFrame.new(63.6118584, 38.9141617, 2409.98584, -0.141843796, -0, -0.989889026, -0, 1, -0, 0.989889145, 0, -0.141843781)
			CFrameQuest = CFrame.new(-424.080078, 73.0055847, 1836.91589, 0.253544956, -1.42165932e-08, 0.967323601, -6.00147771e-08, 1, 3.04272909e-08, -0.967323601, -6.5768397e-08, 0.253544956)
			CFrameMon = CFrame.new(-111.252747, 39.079628, 2356.24902, 0.912541151, 0, -0.408985078, -0, 1, -0, 0.408985138, 0, 0.91254)
			if _G.AutoFarm and (CFrameMon.Position - game.Players.LocalPlayer.Character.HumanoidRootPart.Position).Magnitude > 2500 then
				game.Players.LocalPlayer.Character.HumanoidRootPart.CFrame = ISLANDPOS
			end
		elseif MyLevel == 725 or MyLevel <= 774 then -- Mercenary [Lv. 725]
			Ms = "Mercenary [Lv. 725]"
			NaemQuest = "Area1Quest"
			LevelQuest = 2
			NameMon = "Mercenary"
			CFrameQuest = CFrame.new(-424.080078, 73.0055847, 1836.91589, 0.253544956, -1.42165932e-08, 0.967323601, -6.00147771e-08, 1, 3.04272909e-08, -0.967323601, -6.5768397e-08, 0.253544956)
			CFrameMon = CFrame.new(-963.474182, 73.3029785, 1621.55615, -0.240057707, 1.84067176e-05, 0.970759094, 1.62304809e-06, 1, -1.85598001e-05, -0.970759094, -2.87983494e-06, -0.240057707)
		elseif MyLevel == 775 or MyLevel <= 799 then -- Swan Pirate [Lv. 775]
			Ms = "Swan Pirate [Lv. 775]"
			NaemQuest = "Area2Quest"
			LevelQuest = 1
			NameMon = "Swan Pirate"
			CFrameQuest = CFrame.new(632.698608, 73.1055908, 918.666321, -0.0319722369, 8.96074881e-10, -0.999488771, 1.36326533e-10, 1, 8.92172336e-10, 0.999488771, -1.07732087e-10, -0.0319722369)
			CFrameMon = CFrame.new(920.630493, 73.3029785, 1215.57788, 0.0843675211, -6.10855466e-07, -0.996434748, 8.82118467e-09, 1, -6.12294457e-07, 0.996434748, 4.28682476e-08, 0.0843675211)
		elseif MyLevel == 800 or MyLevel <= 874 then -- Factory Staff [Lv. 800]
			Ms = "Factory Staff [Lv. 800]"
			NaemQuest = "Area2Quest"
			LevelQuest = 2
			NameMon = "Factory Staff"
			CFrameQuest = CFrame.new(632.698608, 73.1055908, 918.666321, -0.0319722369, 8.96074881e-10, -0.999488771, 1.36326533e-10, 1, 8.92172336e-10, 0.999488771, -1.07732087e-10, -0.0319722369)
			CFrameMon = CFrame.new(296.786499, 72.9948196, -57.1298141, -0.876037002, -5.32364979e-08, 0.482243896, -3.87658332e-08, 1, 3.99718729e-08, -0.482243896, 1.63222538e-08, -0.876037002)
			CFrameMon = CFrame.new(656.395874, 73.2930374, 16.6564388, 0.469020009, -2.35162702e-06, -0.883186936, -6.14859175e-07, 1, -2.98918417e-06, 0.883186936, 1.94502309e-06, 0.469020009)
		elseif MyLevel == 875 or MyLevel <= 899 then -- Marine Lieutenant [Lv. 875]
			Ms = "Marine Lieutenant [Lv. 875]"
			NaemQuest = "MarineQuest3"
			LevelQuest = 1
			NameMon = "Marine Lieutenant"
			CFrameQuest = CFrame.new(-2442.65015, 73.0511475, -3219.11523, -0.873540044, 4.2329841e-08, -0.486752301, 5.64383384e-08, 1, -1.43220786e-08, 0.486752301, -3.99823996e-08, -0.873540044)
			CFrameMon = CFrame.new(-2900.26367, 73.0011826, -3060.64282, 0.910507619, 0, 0.413492233, 0, 1.00000012, 0, -0.413492233, 0, 0.910507619)
		elseif MyLevel == 900 or MyLevel <= 949 then -- Marine Captain [Lv. 900]
			Ms = "Marine Captain [Lv. 900]"
			NaemQuest = "MarineQuest3"
			LevelQuest = 2
			NameMon = "Marine Captain"
			CFrameQuest = CFrame.new(-2442.65015, 73.0511475, -3219.11523, -0.873540044, 4.2329841e-08, -0.486752301, 5.64383384e-08, 1, -1.43220786e-08, 0.486752301, -3.99823996e-08, -0.873540044)
			CFrameMon = CFrame.new(-1868.67688, 73.0011826, -3321.66333, -0.971402287, 1.06502087e-08, 0.237439692, 3.68856199e-08, 1, 1.06050372e-07, -0.237439692, 1.11775684e-07, -0.971402287)
		elseif MyLevel == 950 or MyLevel <= 974 then -- Zombie [Lv. 950]
			Ms = "Zombie [Lv. 950]"
			NaemQuest = "ZombieQuest"
			LevelQuest = 1
			NameMon = "Zombie"
			CFrameQuest = CFrame.new(-5492.79395, 48.5151672, -793.710571, 0.321800292, -6.24695815e-08, 0.946807742, 4.05616092e-08, 1, 5.21931227e-08, -0.946807742, 2.16082796e-08, 0.321800292)
			CFrameMon = CFrame.new(-5708.22412, 48.8234634, -624.017639, -0.870171368, 4.65824801e-09, 0.492749333, 1.08052509e-08, 1, 9.62796065e-09, -0.492749333, 1.37022553e-08, -0.870171368)
		elseif MyLevel == 975 or MyLevel <= 999 then -- Vampire [Lv. 975]
			Ms = "Vampire [Lv. 975]"
			NaemQuest = "ZombieQuest"
			LevelQuest = 2
			NameMon = "Vampire"
			CFrameQuest = CFrame.new(-5492.79395, 48.5151672, -793.710571, 0.321800292, -6.24695815e-08, 0.946807742, 4.05616092e-08, 1, 5.21931227e-08, -0.946807742, 2.16082796e-08, 0.321800292)
			CFrameMon = CFrame.new(-6030.32031, 6.4377408, -1313.5564, -0.856965423, 3.9138893e-08, -0.515373945, -1.12178942e-08, 1, 9.45958547e-08, 0.515373945, 8.68467822e-08, -0.856965423)
		elseif MyLevel == 1000 or MyLevel <= 1049 then -- Snow Trooper [Lv. 1000] **
			Ms = "Snow Trooper [Lv. 1000]"
			NaemQuest = "SnowMountainQuest"
			LevelQuest = 1
			NameMon = "Snow Trooper"
			CFrameQuest = CFrame.new(604.964966, 401.457062, -5371.69287, 0.353063971, 1.89520435e-08, -0.935599446, -5.81846002e-08, 1, -1.70033754e-09, 0.935599446, 5.50377841e-08, 0.353063971)
			if raMon == 1 then
				CFrameMon = CFrame.new(524.627808, 401.75528, -5330.55713, -0.994629502, -8.5718499e-09, -0.103499621, -8.32684499e-09, 1, -2.79928347e-09, 0.103499621, -1.92242466e-09, -0.994629502)
			elseif raMon == 2 then
				CFrameMon = CFrame.new(611.354431, 401.75528, -5550.23047, 0.853058696, 0, -0.521815121, 0, 1, 0, 0.521815121, 0, 0.853058696)
			end
		elseif MyLevel == 1050 or MyLevel <= 1099 then -- Winter Warrior [Lv. 1050]
			Ms = "Winter Warrior [Lv. 1050]"
			NaemQuest = "SnowMountainQuest"
			LevelQuest = 2
			NameMon = "Winter Warrior"
			CFrameQuest = CFrame.new(604.964966, 401.457062, -5371.69287, 0.353063971, 1.89520435e-08, -0.935599446, -5.81846002e-08, 1, -1.70033754e-09, 0.935599446, 5.50377841e-08, 0.353063971)
			CFrameMon = CFrame.new(1178.53345, 429.755219, -5229.08936, 0.984771967, -4.45901769e-08, 0.173851088, 4.67088519e-08, 1, -8.09536616e-09, -0.173851088, 1.60924731e-08, 0.984771967)
		elseif MyLevel == 1100 or MyLevel <= 1124 then -- Lab Subordinate [Lv. 1100]
			Ms = "Lab Subordinate [Lv. 1100]"
			NaemQuest = "IceSideQuest"
			LevelQuest = 1
			NameMon = "Lab Subordinate"
			CFrameQuest = CFrame.new(-6060.10693, 15.9868021, -4904.7876, -0.413000341, -5.06538868e-07, 0.91163528, 1.26306062e-07, 1, 6.12581289e-07, -0.91163528, 3.66916197e-07, -0.413000341)
			CFrameMon = CFrame.new(-5814.82813, 16.295023, -4404.57178, -0.401097834, 0, -0.916034997, 0, 1, 0, 0.916035295, 0, -0.401097775)
		elseif MyLevel == 1125 or MyLevel <= 1174 then -- Horned Warrior [Lv. 1125]
			Ms = "Horned Warrior [Lv. 1125]"
			NaemQuest = "IceSideQuest"
			LevelQuest = 2
			NameMon = "Horned Warrior"
			CFrameQuest = CFrame.new(-6060.10693, 15.9868021, -4904.7876, -0.413000341, -5.06538868e-07, 0.91163528, 1.26306062e-07, 1, 6.12581289e-07, -0.91163528, 3.66916197e-07, -0.413000341)
			if raMon == 1 then
				CFrameMon = CFrame.new(-6194.78809, 16.295023, -5834.56396, 0.998856664, -1.22505064e-08, 0.0478047207, 1.2099993e-08, 1, 3.43792972e-09, -0.0478047207, -2.85556334e-09, 0.998856664)
			elseif raMon == 2 then
				CFrameMon = CFrame.new(-6448.07129, 16.295023, -5696.91455, 0.831638515, 0, 0.555316865, 0, 1, 0, -0.555316865, 0, 0.831638396)
			end
		elseif MyLevel == 1175 or MyLevel <= 1199 then -- Magma Ninja [Lv. 1175]
			Ms = "Magma Ninja [Lv. 1175]"
			NaemQuest = "FireSideQuest"
			LevelQuest = 1
			NameMon = "Magma Ninja"
			CFrameQuest = CFrame.new(-5431.09473, 15.9868021, -5296.53223, 0.831796765, 1.15322464e-07, -0.555080295, -1.10814341e-07, 1, 4.17010995e-08, 0.555080295, 2.68240168e-08, 0.831796765)
			if raMon == 1 then
				CFrameMon = CFrame.new(-5179.7251, 16.295145, -6096.40186, 0.992225349, 9.1818757e-09, -0.124452204, -8.40349657e-09, 1, 6.7793966e-09, 0.124452204, -5.68086156e-09, 0.992225349)
			elseif raMon == 2 then
				CFrameMon = CFrame.new(-5702.36914, 16.295023, -5815.15625, 0.782760024, -2.44621674e-08, 0.622323692, 2.52116834e-08, 1, 7.59647989e-09, -0.622323692, 9.74360592e-09, 0.782760024)
			end
		elseif MyLevel == 1200 or MyLevel <= 1249 then -- Lava Pirate [Lv. 1200]
			Ms = "Lava Pirate [Lv. 1200]"
			NaemQuest = "FireSideQuest"
			LevelQuest = 2
			NameMon = "Lava Pirate"
			CFrameQuest = CFrame.new(-5431.09473, 15.9868021, -5296.53223, 0.831796765, 1.15322464e-07, -0.555080295, -1.10814341e-07, 1, 4.17010995e-08, 0.555080295, 2.68240168e-08, 0.831796765)
			if raMon == 1 then
				CFrameMon = CFrame.new(-5158.70459, 16.295023, -4809.7251, -0.461655736, 1.11142299e-07, -0.88705945, 1.56168909e-07, 1, 4.40174333e-08, 0.88705945, -1.18210167e-07, -0.461655736)
			elseif raMon == 2 then
				CFrameMon = CFrame.new(-5275.35938, 16.295023, -4525.39063, -0.962011635, 1.43568997e-07, 0.273009181, 7.33507136e-07, 1, 2.0588061e-06, -0.273009181, 2.18084892e-06, -0.962011635)
			end
		elseif MyLevel == 1250 or MyLevel <= 1274 then -- Ship Deckhand [Lv. 1250]
			Ms = "Ship Deckhand [Lv. 1250]"
			NaemQuest = "ShipQuest1"
			LevelQuest = 1
			NameMon = "Ship Deckhand"
			CFrameQuest = CFrame.new(1037.80127, 125.092171, 32911.6016, -0.244533166, -0, -0.969640911, -0, 1.00000012, -0, 0.96964103, 0, -0.244533136)
			CFrameMon = CFrame.new(1210.67188, 126.072403, 33100.5234, 0.999746263, -2.13878309e-07, 0.02253142, 2.00175933e-07, 1, 6.10398388e-07, -0.02253142, -6.05733021e-07, 0.999746263)
			if _G.AutoFarm and (CFrameMon.Position - game.Players.LocalPlayer.Character.HumanoidRootPart.Position).Magnitude > 20000 then
				game:GetService("ReplicatedStorage").Remotes.CommF_:InvokeServer("requestEntrance",Vector3.new(923.21252441406, 126.9760055542, 32852.83203125))
			end
		elseif MyLevel == 1275 or MyLevel <= 1299 then -- Ship Engineer [Lv. 1275]
			Ms = "Ship Engineer [Lv. 1275]"
			NaemQuest = "ShipQuest1"
			LevelQuest = 2
			NameMon = "Ship Engineer"
			CFrameQuest = CFrame.new(1037.80127, 125.092171, 32911.6016, -0.244533166, -0, -0.969640911, -0, 1.00000012, -0, 0.96964103, 0, -0.244533136)
			if raMon == 1 then
				CFrameMon = CFrame.new(826.81781, 40.7861328, 32941.9844, 0.999941945, 1.33665878e-07, 0.0108040757, -1.34262933e-07, 1, 5.45359313e-08, -0.0108040757, -5.59833566e-08, 0.999941945)
			elseif raMon == 2 then
				CFrameMon = CFrame.new(1016.63544, 40.7861328, 32914.0078, 0.999860346, 0, 0.0167181492, 0, 1.00000012, 0, -0.0167181492, 0, 0.999860346)
			end
			if _G.AutoFarm and (CFrameMon.Position - game.Players.LocalPlayer.Character.HumanoidRootPart.Position).Magnitude > 20000 then
				game:GetService("ReplicatedStorage").Remotes.CommF_:InvokeServer("requestEntrance",Vector3.new(923.21252441406, 126.9760055542, 32852.83203125))
			end
			--[[if (game:GetService("Workspace")["_WorldOrigin"].Locations["Cursed Ship"].Position-game:GetService("Players").LocalPlayer.Character.HumanoidRootPart.Position).magnitude >= 30000 and not Melee_raid and not raidiing then
				game:GetService("Players").LocalPlayer.Character.HumanoidRootPart.CFrame = CFrame.new(-6500.81738, 80.5203018, -120.303497)
				pcall(function() 
					tween:Cancel()
				end)
			end]]
		elseif MyLevel == 1300 or MyLevel <= 1324 then -- Ship Steward [Lv. 1300]
			Ms = "Ship Steward [Lv. 1300]"
			NaemQuest = "ShipQuest2"
			LevelQuest = 1
			NameMon = "Ship Steward"
			CFrameQuest = CFrame.new(968.80957, 125.092171, 33244.125, -0.869560242, 1.51905191e-08, -0.493826836, 1.44108379e-08, 1, 5.38534195e-09, 0.493826836, -2.43357912e-09, -0.869560242)
			CFrameMon = CFrame.new(917.003113, 125.530045, 33374.3242, -0.999823153, 7.35499661e-09, 0.0187826175, 5.88230575e-09, 1, -7.84633158e-08, -0.0187826175, -7.83389922e-08, -0.999823153)
			if _G.AutoFarm and (CFrameMon.Position - game.Players.LocalPlayer.Character.HumanoidRootPart.Position).Magnitude > 20000 then
				game:GetService("ReplicatedStorage").Remotes.CommF_:InvokeServer("requestEntrance",Vector3.new(923.21252441406, 126.9760055542, 32852.83203125))
			end
		elseif MyLevel == 1325 or MyLevel <= 1349 then -- Ship Officer [Lv. 1325]
			Ms = "Ship Officer [Lv. 1325]"
			NaemQuest = "ShipQuest2"
			LevelQuest = 2
			NameMon = "Ship Officer"
			CFrameQuest = CFrame.new(968.80957, 125.092171, 33244.125, -0.869560242, 1.51905191e-08, -0.493826836, 1.44108379e-08, 1, 5.38534195e-09, 0.493826836, -2.43357912e-09, -0.869560242)
			if raMon == 1 then
				CFrameMon = CFrame.new(653.202271, 181.492416, 33283.1445, 0.185309321, -2.65862159e-08, -0.982680261, 2.62600128e-08, 1, -2.21028067e-08, 0.982680261, -2.17093401e-08, 0.185309321)
			elseif raMon == 2 then
				CFrameMon = CFrame.new(1196.45581, 181.492416, 33290.1055, -0.995656252, 3.13454578e-08, -0.0931043476, 3.28741834e-08, 1, -1.48857353e-08, 0.0931043476, -1.78818027e-08, -0.995656252)
			end
			if _G.AutoFarm and (CFrameMon.Position - game.Players.LocalPlayer.Character.HumanoidRootPart.Position).Magnitude > 20000 then
				game:GetService("ReplicatedStorage").Remotes.CommF_:InvokeServer("requestEntrance",Vector3.new(923.21252441406, 126.9760055542, 32852.83203125))
			end
		elseif MyLevel == 1350 or MyLevel <= 1374 then -- Arctic Warrior [Lv. 1350]
			Ms = "Arctic Warrior [Lv. 1350]"
			NaemQuest = "FrostQuest"
			LevelQuest = 1
			NameMon = "Arctic Warrior"
			CFrameQuest = CFrame.new(5669.43506, 28.2117786, -6482.60107, 0.888092756, 1.02705066e-07, 0.459664226, -6.20391774e-08, 1, -1.03572376e-07, -0.459664226, 6.34646895e-08, 0.888092756)
